1 1 0.5 25400 9.653776171331538e-6 2.4932950784222205e-5
5 1 0.5 28600 9.086522180206777e-6 1.794243552722224e-5
9 1 0.5 28600 8.987074359818635e-6 1.930828897915782e-5
1 4 0.5 25800 5.96994714532046e-6 6.630406173305253e-5
5 4 0.5 48600 9.997103957150306e-6 3.9066214489219704e-7
9 4 0.5 36200 9.926982605585173e-6 2.5889970944988603e-5
1 7 0.5 28000 9.223338289870371e-6 4.008414789543499e-5
5 7 0.5 93600 9.988706082212777e-6 1.0926308773795863e-8
9 7 0.5 66200 9.782893049582242e-6 2.7354113038933373e-5
1 1 0.75 20800 5.889385653051676e-6 3.3421651039143044e-5
5 1 0.75 24400 8.825835802367336e-6 1.1924332937364088e-5
9 1 0.75 24400 8.310623091705676e-6 1.2882010412276813e-5
1 4 0.75 21600 7.59083112661437e-6 2.493365265979263e-5
5 4 0.75 73800 9.983249137290666e-6 6.9629861947429295e-9
9 4 0.75 40800 9.910515788090561e-6 1.6446353778947548e-5
1 7 0.75 27200 8.908730979055426e-6 2.726119557337197e-5
5 7 0.75 140800 9.99564793862733e-6 4.831977632347346e-9
9 7 0.75 78000 9.601805778630523e-6 1.8626168851335136e-5
1 1 1.0 22800 7.974515452020236e-6 5.194279228938459e-5
5 1 1.0 22600 9.926090882650367e-6 6.699986551512112e-5
9 1 1.0 22600 8.738498362140552e-6 6.714114611766946e-5
1 4 1.0 22400 8.36665507590712e-6 1.7601489608905393e-5
5 4 1.0 98600 9.994809212014457e-6 3.91849833854048e-9
9 4 1.0 44400 9.77952426078411e-6 1.2504926506222882e-5
1 7 1.0 33800 7.525636743361426e-6 2.060326159201487e-5
5 7 1.0 188000 9.993617852785177e-6 2.7131484934535973e-9
9 7 1.0 91000 9.991158032836837e-6 1.3072640926756342e-5
1 1 1.25 23800 1.1579424399812755e-6 9.599549046260108e-5
5 1 1.25 23600 8.738297424477277e-6 0.00012132614011868587
9 1 1.25 23600 6.063176278252049e-6 0.00012139461972166568
1 4 1.25 23400 8.446465157295931e-6 3.2773929237709294e-5
5 4 1.25 123400 9.997476278488334e-6 2.5069635001474827e-9
9 4 1.25 47600 9.792759417116533e-6 9.988400141190966e-6
1 7 1.25 40000 7.355195056055422e-6 1.9524942676682927e-5
5 7 1.25 204701 1.1361908802302597e-5 2.189443891815801e-9
9 7 1.25 96600 9.914420196431271e-6 1.0444219580779939e-5
1 1 1.5 24200 5.369086307320381e-6 0.00014526814239618124
5 1 1.5 34800 7.139613363110039e-6 4.159855262426876e-5
9 1 1.5 29400 7.908800994073985e-6 8.694860711482732e-5
1 4 1.5 24000 8.857369789385026e-6 5.020072359776893e-5
5 4 1.5 148200 9.997574353203755e-6 1.7401440458186998e-9
9 4 1.5 52000 9.958512170796556e-6 8.278623249456372e-6
1 7 1.5 46000 6.8484571977467665e-6 1.9186887981088778e-5
5 7 1.5 204701 1.3388570545255132e-5 2.053284048708517e-9
9 7 1.5 107800 9.871336803864564e-6 8.474778107980314e-6
