1 255 255 255 201 8.931386947631836 3.846879 0.04676118820749652 82.26649380528973
1 255 255 255 201 8.946400880813599 3.846879 0.04683979518750575 82.12843341010452
1 255 255 255 201 8.933470964431763 3.846879 0.04677209929021865 82.24730252388926
1 255 255 255 201 8.951251983642578 3.846879 0.046865193631636534 82.08392416420422
1 255 255 255 201 8.962892055511475 3.846879 0.04692613641629044 81.9773221019865
2 508 255 255 201 9.39008903503418 3.846879 0.04916276981693288 78.24780854139425
2 508 255 255 201 9.371685028076172 3.846879 0.04906641375956111 78.40147068523822
2 508 255 255 201 9.410657167434692 3.846879 0.049270456374003624 78.07678846729159
2 508 255 255 201 9.40001893043518 3.846879 0.04921475879808995 78.16514992549956
2 508 255 255 201 9.3784658908844 3.846879 0.049101915659080626 78.3447844827329
4 508 508 255 201 9.4581139087677 3.846879 0.049518920988312565 77.6850327758139
4 508 508 255 201 9.501923084259033 3.846879 0.04974828839926195 77.32686136106486
4 508 508 255 201 9.422574043273926 3.846879 0.049332848394104324 77.97804353943879
4 508 508 255 201 9.425931930541992 3.846879 0.049350428955717236 77.95026469682469
4 508 508 255 201 9.461668014526367 3.846879 0.0495375288718658 77.65585178764913
8 508 508 508 201 9.560007095336914 3.846879 0.05005239316930322 76.85704431729877
8 508 508 508 201 9.59105396270752 3.846879 0.050214942213128375 76.6082530509068
8 508 508 508 201 9.549176931381226 3.846879 0.04999569074021584 76.94421145192067
8 508 508 508 201 9.555604934692383 3.846879 0.05002934520781352 76.89245150062847
8 508 508 508 201 9.614636898040771 3.846879 0.05033841307874749 76.42034710117082
16 1014 508 508 201 9.78358793258667 3.846879 0.05122297346904016 75.10065776101624
16 1014 508 508 201 9.785238027572632 3.846879 0.05123161270980436 75.08799345806678
16 1014 508 508 201 9.805961847305298 3.846879 0.05134011438379737 74.92930325870196
16 1014 508 508 201 9.78293490409851 3.846879 0.05121955447171995 75.1056708649036
16 1014 508 508 201 9.747814893722534 3.846879 0.05103568007184573 75.37626606688765
32 1014 1014 508 201 9.927962064743042 3.846879 0.05197885897771226 74.00853107701889
32 1014 1014 508 201 9.920439004898071 3.846879 0.051939471229832834 74.06465466268439
32 1014 1014 508 201 9.916903972625732 3.846879 0.05192096320746457 74.09105614294425
32 1014 1014 508 201 9.908164978027344 3.846879 0.051875209309043685 74.1564044027742
32 1014 1014 508 201 9.946713924407959 3.846879 0.052077036253444814 73.8690078536398
64 1014 1014 1014 201 10.061649084091187 3.846879 0.05267879101618422 73.02519525966615
64 1014 1014 1014 201 10.083492040634155 3.846879 0.052793152045205 72.86700738584517
64 1014 1014 1014 201 10.011605978012085 3.846879 0.05241678522519416 73.39021238088053
64 1014 1014 1014 201 10.075906038284302 3.846879 0.05275343475541519 72.92186789041475
64 1014 1014 1014 201 9.987339973449707 3.846879 0.05228973808088852 73.56852685031909
