1 31 31 31 201 0.04758310317993164 0.006911512000000001 0.00024912619465932795 27.74301598212613
1 31 31 31 201 0.04858684539794922 0.006911512000000001 0.00025438138951805873 27.169880678355785
1 31 31 31 201 0.036511898040771484 0.006911512000000001 0.00019116176984697113 36.15530451267953
1 31 31 31 201 0.05494403839111328 0.006911512000000001 0.0002876651224665617 24.026242530682175
1 31 31 31 201 0.03377485275268555 0.006911512000000001 0.00017683168980463636 39.08525676385177
1 63 63 63 201 0.059468984603881836 0.058010904 0.00031135594033445985 186.31699763840845
1 63 63 63 201 0.059554100036621094 0.058010904 0.00031180157087236176 186.05071115484273
1 63 63 63 201 0.07111191749572754 0.058010904 0.0003723137041661128 155.81189558931104
1 63 63 63 201 0.060243844985961914 0.058010904 0.0003154128009736226 183.92057589587606
1 63 63 63 201 0.08193302154541016 0.058010904 0.0004289686991906291 135.23341938340488
1 127 127 127 201 0.26205897331237793 0.47522485600000003 0.0013720365094888898 346.3645848440509
1 127 127 127 201 0.2739219665527344 0.47522485600000003 0.0014341464217420647 331.36425179148864
1 127 127 127 201 0.25888514518737793 0.47522485600000003 0.0013554196083108792 350.61087583956686
1 127 127 127 201 0.27609801292419434 0.47522485600000003 0.0014455393346816457 328.7526285852746
1 127 127 127 201 0.2763669490814209 0.47522485600000003 0.0014469473773896383 328.43271526385996
1 255 255 255 201 2.2264068126678467 3.846879 0.011656580171035847 330.0178048411391
1 255 255 255 201 2.21749210357666 3.846879 0.011609906301448482 331.3445345825102
1 255 255 255 201 2.2323269844055176 3.846879 0.011687575834583862 329.14259162425947
1 255 255 255 201 2.22365403175354 3.846879 0.011642167705515917 330.4263516301518
1 255 255 255 201 2.233510971069336 3.846879 0.011693774717640503 328.96811276831227
1 511 511 511 201 17.63304090499878 30.956416792000002 0.09231958589004596 335.31797715026113
1 511 511 511 201 17.66575598716736 30.956416792000002 0.09249086904276103 334.6970042814498
1 511 511 511 201 17.66638994216919 30.956416792000002 0.09249418817889628 334.6849937438891
1 511 511 511 201 17.64914107322693 30.956416792000002 0.09240387996453889 335.01208827897597
1 511 511 511 201 17.66014790534973 30.956416792000002 0.092461507357852 334.80328924543676
