1 511 511 511 201 8.0867018699646 30.956416792000002 0.042338753245887956 731.1603299279146
1 511 511 511 201 8.084466934204102 30.956416792000002 0.0423270520115398 731.362457833355
1 511 511 511 201 8.083424091339111 30.956416792000002 0.042321592101251894 731.4568109332611
2 1020 511 511 201 8.145285844802856 30.956416792000002 0.04264547562724009 725.9015484453029
2 1020 511 511 201 8.142770051956177 30.956416792000002 0.04263230393694333 726.1258232205108
2 1020 511 511 201 8.140747785568237 30.956416792000002 0.042621716154807525 726.3062022083376
4 1020 1020 511 201 8.157294034957886 30.956416792000002 0.0427083457327638 724.8329632269441
4 1020 1020 511 201 8.1576669216156 30.956416792000002 0.042710298018929845 724.7998311386086
4 1020 1020 511 201 8.160551071166992 30.956416792000002 0.042725398278361214 724.5436681553007
8 1020 1020 1020 201 8.161720991134644 30.956416792000002 0.042731523513793945 724.4398103897962
8 1020 1020 1020 201 8.16154408454895 30.956416792000002 0.0427305973013034 724.4555130769432
8 1020 1020 1020 201 8.17066216468811 30.956416792000002 0.042778335940775444 723.6470543140733
