1 1 0.5 47800 9.684621721477971e-6 0.0007706813629962608
5 1 0.5 47800 9.841252913893019e-6 0.0008362092098850284
9 1 0.5 56600 3.861941309137036e-6 0.0009997820806200493
1 4 0.5 46400 9.263660583719237e-6 0.0005649382078723373
5 4 0.5 46800 7.832412421790428e-6 0.0008841449060555366
9 4 0.5 57200 9.964703810739245e-6 0.0008433361735162562
1 7 0.5 55600 9.058807740162292e-6 0.000673731099405165
5 7 0.5 64200 9.61162746829353e-6 0.0007174555716182677
9 7 0.5 92200 9.813166809647908e-6 0.0009942129511315554
1 1 0.75 43600 7.111486652928172e-6 0.0009140585331704026
5 1 0.75 43600 7.249933563862453e-6 0.0009791001217770649
9 1 0.75 43800 7.960825869090112e-6 0.0009952315771887099
1 4 0.75 42000 9.683037254049042e-6 0.0006392744674466318
5 4 0.75 42200 7.894089130254896e-6 0.000846706829491168
9 4 0.75 46800 9.778986113559153e-6 0.0005996337349773079
1 7 0.75 58600 8.983748296944957e-6 0.0006366122295025047
5 7 0.75 63200 9.327849133150974e-6 0.0008091826029305967
9 7 0.75 76600 9.97074388220255e-6 0.00068541289986139
1 1 1.0 54400 7.963837487973171e-6 0.000978324221858805
5 1 1.0 54600 8.2500884813822e-6 0.0008876945139584798
9 1 1.0 54600 8.51618709869824e-6 0.0008983402451117488
1 4 1.0 52200 9.877152182112068e-6 0.0006629916309331767
5 4 1.0 52400 7.41720567515764e-6 0.0007884498417272475
9 4 1.0 52400 9.010951047206611e-6 0.0008266004282809822
1 7 1.0 73000 8.629095086891956e-6 0.00043371284310355924
5 7 1.0 77800 9.109553559059455e-6 0.00044947467568848525
9 7 1.0 78200 9.383334319920477e-6 0.0006591875450229932
1 1 1.25 69000 9.438937480592826e-6 9.704411025187622e-5
5 1 1.25 69000 9.521017092198903e-6 0.0001078346181855383
9 1 1.25 69000 9.552989743217562e-6 0.0001906199983854709
1 4 1.25 65200 9.308042256281568e-6 0.0007089656426849382
5 4 1.25 65200 9.959765815042825e-6 0.0007705697347995212
9 4 1.25 65200 9.757740611713706e-6 0.0007775539864700838
1 7 1.25 86400 8.321383238265547e-6 0.0006486939019055362
5 7 1.25 91400 8.723681188119428e-6 0.0006028939467094759
9 7 1.25 91400 9.29533675762599e-6 0.0006566635974198134
1 1 1.5 82000 8.916515085827715e-6 0.0007950932231695585
5 1 1.5 82000 8.9845283031087e-6 0.0008516624791169979
9 1 1.5 82000 8.953119294326024e-6 0.0008177181499178854
1 4 1.5 77400 8.809009678307468e-6 0.0008230180714700041
5 4 1.5 77400 9.505352687949119e-6 0.0008728482597461259
9 4 1.5 77400 8.742723644668965e-6 0.0008700930628716504
1 7 1.5 99000 6.329257487668558e-6 0.0009358751008202745
5 7 1.5 104000 9.324216377934587e-6 0.0008384355690382644
9 7 1.5 104000 9.143698462165606e-6 0.0008531838739720907
