1 31 31 31 201 0.06031012535095215 0.006911512000000001 0.0003157598185913725 21.888510168370242
1 31 31 31 201 0.05934906005859375 0.006911512000000001 0.0003107280631339987 22.24296038887055
1 31 31 31 201 0.05885887145996094 0.006911512000000001 0.00030816163068042373 22.428204266505595
1 31 31 31 201 0.05820894241333008 0.006911512000000001 0.0003047588608027753 22.678625263902617
1 31 31 31 201 0.05930280685424805 0.006911512000000001 0.00031048589976046095 22.260308778376775
1 63 63 63 201 0.17335295677185059 0.058010904 0.0009076071035175424 63.91631772732017
1 63 63 63 201 0.17065000534057617 0.058010904 0.0008934555253433307 64.9286980207638
1 63 63 63 201 0.16834497451782227 0.058010904 0.0008813873011404307 65.81772159065538
1 63 63 63 201 0.17364907264709473 0.058010904 0.0009091574484141085 63.807324134220636
1 63 63 63 201 0.16478395462036133 0.058010904 0.0008627432179076509 67.24005798699835
1 127 127 127 201 1.0379440784454346 0.47522485600000003 0.005434262190813793 87.44974741986714
1 127 127 127 201 1.0503430366516113 0.47522485600000003 0.005499178202364457 86.41743157107906
1 127 127 127 201 1.0446069240570068 0.47522485600000003 0.005469146199251345 86.89196424572671
1 127 127 127 201 1.1022379398345947 0.47522485600000003 0.00577087926614971 82.34877807746386
1 127 127 127 201 1.0489330291748047 0.47522485600000003 0.005491795964265993 86.53359649415094
1 255 255 255 201 8.978652954101562 3.846879 0.04700865420995583 81.83342119981985
1 255 255 255 201 9.001459121704102 3.846879 0.047128058228817285 81.62608740047257
1 255 255 255 201 9.0089271068573 3.846879 0.04716715762752513 81.5584231379483
1 255 255 255 201 9.022900104522705 3.846879 0.047240314683364946 81.43212054755062
1 255 255 255 201 9.0123770236969 3.846879 0.047185220019355496 81.52720276438258
