31 31 101 0.006323099136352539 0.000138384 6.948460589398395e-5 1.9915778210088606
31 31 101 0.006498098373413086 0.000138384 7.140767443311083e-5 1.937942960593506
31 31 101 0.006747007369995117 0.000138384 7.414293813181447e-5 1.8664488282616347
31 31 101 0.006325960159301758 0.000138384 6.951604570661272e-5 1.9906770961058304
31 31 101 0.006218910217285156 0.000138384 6.83396727174193e-5 2.0249438502904464
63 63 101 0.0065000057220458984 0.0005715359999999999 7.142863430819669e-5 8.001496956164177
63 63 101 0.006472110748291016 0.0005715359999999999 7.112209613506611e-5 8.035983626166063
63 63 101 0.0064427852630615234 0.0005715359999999999 7.079983805562114e-5 8.072560837653256
63 63 101 0.0064280033111572266 0.0005715359999999999 7.063739902370578e-5 8.091124643592744
63 63 101 0.006463050842285156 0.0005715359999999999 7.102253672840831e-5 8.047248469673304
127 127 101 0.0067441463470458984 0.002322576 7.41114983191857e-5 31.338942710307347
127 127 101 0.0064699649810791016 0.002322576 7.109851627559452e-5 32.66701081351896
127 127 101 0.00647282600402832 0.002322576 7.11299560882233e-5 32.652571823878006
127 127 101 0.006373167037963867 0.002322576 7.003480261498755e-5 33.16316907135775
127 127 101 0.006448984146118164 0.002322576 7.086795764965016e-5 32.77328819721483
255 255 101 0.006761074066162109 0.0093636 7.429751721057263e-5 126.02843744376896
255 255 101 0.006871938705444336 0.0093636 7.551580994993775e-5 123.99522704195955
255 255 101 0.006850004196166992 0.0093636 7.527477138645047e-5 124.39227416485328
255 255 101 0.006883859634399414 0.0093636 7.564680916922433e-5 123.78050181936065
255 255 101 0.0070879459381103516 0.0093636 7.788951580341045e-5 120.21643610718154
511 511 101 0.008205890655517578 0.037601423999999994 9.017462258810525e-5 416.98454532772195
511 511 101 0.008217096328735352 0.037601423999999994 9.029776185423463e-5 416.41590254140533
511 511 101 0.008603096008300781 0.037601423999999994 9.453951657473386e-5 397.7323489937239
511 511 101 0.008265972137451172 0.037601423999999994 9.083485865330958e-5 413.95367986990294
511 511 101 0.008188962936401367 0.037601423999999994 8.998860369671833e-5 417.8465100617094
1023 1023 101 0.020335912704467773 0.150700176 0.00022347156818096453 674.3595045521175
1023 1023 101 0.020370006561279297 0.150700176 0.00022384622594812415 673.2308099530989
1023 1023 101 0.02050185203552246 0.150700176 0.00022529507731343363 668.9013261942862
1023 1023 101 0.020354032516479492 0.150700176 0.00022367068699428013 673.7591681106331
1023 1023 101 0.020313024520874023 0.150700176 0.00022322004967993431 675.119355165822
2047 2047 101 0.07924008369445801 0.603390096 0.0008707701504885496 692.9384242919504
2047 2047 101 0.08056211471557617 0.603390096 0.0008852979639074305 681.5672469603605
2047 2047 101 0.0787210464477539 0.603390096 0.0008650664444808121 697.5072260052086
2047 2047 101 0.08040904998779297 0.603390096 0.0008836159339317909 682.8646619296678
2047 2047 101 0.08139514923095703 0.603390096 0.0008944521893511761 674.5917816330589
4095 4095 101 0.26665616035461426 2.4147396 0.0029302874764243324 824.0623554609641
4095 4095 101 0.26705002784729004 2.4147396 0.0029346156906295607 822.846960067186
4095 4095 101 0.2662169933319092 2.4147396 0.002925461465185815 825.4217766107625
4095 4095 101 0.26805996894836426 2.4147396 0.0029457139444875194 819.7468068883057
4095 4095 101 0.2679569721221924 2.4147396 0.0029445821112328834 820.0618997134908
8191 8191 101 0.9450099468231201 9.661317264 0.010384724690363957 930.339277358483
8191 8191 101 0.9469349384307861 9.661317264 0.010405878444294353 928.4480225018768
8191 8191 101 0.9460210800170898 9.661317264 0.010395836044143845 929.3449053039257
8191 8191 101 0.948206901550293 9.661317264 0.01041985606099223 927.2025647425306
8191 8191 101 0.9425289630889893 9.661317264 0.010357461132846036 932.7881746388219
