31 31 101 0.0066089630126953125 0.000138384 7.262596717247597e-5 1.905434177163636
31 31 101 0.006989955902099609 0.000138384 7.681270222087483e-5 1.8015770308675898
31 31 101 0.006456136703491211 0.000138384 7.09465571812221e-5 1.9505386236927509
31 31 101 0.0065801143646240234 0.000138384 7.230894906180245e-5 1.913788013731512
31 31 101 0.006632804870605469 0.000138384 7.288796561104911e-5 1.898585024837383
63 63 101 0.006562948226928711 0.0005715359999999999 7.21203101860298e-5 7.9247579291569705
63 63 101 0.0067331790924072266 0.0005715359999999999 7.399097903744205e-5 7.724401101798944
63 63 101 0.006515026092529297 0.0005715359999999999 7.159369332449777e-5 7.983049532163652
63 63 101 0.006723880767822266 0.0005715359999999999 7.388879964639852e-5 7.735083026590454
63 63 101 0.006996870040893555 0.0005715359999999999 7.688868176806105e-5 7.433291699863834
127 127 101 0.006982088088989258 0.002322576 7.672624273614569e-5 30.270946643212017
127 127 101 0.006640911102294922 0.002322576 7.297704508016398e-5 31.826117342086015
127 127 101 0.006673097610473633 0.002322576 7.333074297223772e-5 31.672609684035297
127 127 101 0.006498098373413086 0.002322576 7.140767443311083e-5 32.52557961645437
127 127 101 0.006691932678222656 0.002322576 7.353772173871051e-5 31.58346417437879
255 255 101 0.0073359012603759766 0.0093636 8.061429956457117e-5 116.15309009166369
255 255 101 0.00752711296081543 0.0093636 8.27155270419278e-5 113.20244620159006
255 255 101 0.007559061050415039 0.0093636 8.306660494961581e-5 112.72400028482573
255 255 101 0.007136106491088867 0.0093636 7.84187526493282e-5 119.405112726952
255 255 101 0.007133007049560547 0.0093636 7.83846928523137e-5 119.45699675882076
511 511 101 0.013968944549560547 0.037601423999999994 0.000153504885160006 244.95262128502364
511 511 101 0.014405012130737305 0.037601423999999994 0.00015829683660150884 237.5374316206745
511 511 101 0.013896942138671875 0.037601423999999994 0.00015271364987551512 246.22176230252424
511 511 101 0.014261007308959961 0.037601423999999994 0.00015671436603252703 239.93603746701555
511 511 101 0.014146804809570312 0.037601423999999994 0.00015545939351176169 241.8729621324244
1023 1023 101 0.03483390808105469 0.150700176 0.00038279019869290863 393.68870079376927
1023 1023 101 0.03485894203186035 0.150700176 0.00038306529705341044 393.4059732353881
1023 1023 101 0.03474020957946777 0.150700176 0.0003817605448293162 394.75052632109356
1023 1023 101 0.0349578857421875 0.150700176 0.000384152590573489 392.292489229409
1023 1023 101 0.03494691848754883 0.150700176 0.0003840320712917454 392.41560084578083
2047 2047 101 0.11821198463439941 0.603390096 0.0012990327981802134 464.4918102493455
2047 2047 101 0.11809992790222168 0.603390096 0.0012978014055189196 464.9325339255103
2047 2047 101 0.1191110610961914 0.603390096 0.0013089127592988067 460.98572400137664
2047 2047 101 0.11827492713928223 0.603390096 0.0012997244740580464 464.24462110502066
2047 2047 101 0.11988615989685059 0.603390096 0.0013174303285368196 458.0053175716278
4095 4095 101 0.4768359661102295 2.4147396 0.0052399556715409835 460.8320664075132
4095 4095 101 0.47673892974853516 2.4147396 0.005238889337895991 460.9258650555486
4095 4095 101 0.4753730297088623 2.4147396 0.005223879447350135 462.25025373142955
4095 4095 101 0.47667407989501953 2.4147396 0.005238176702143072 460.9885724191145
4095 4095 101 0.480557918548584 2.4147396 0.005280856247786637 457.26289198121776
8191 8191 101 1.7548580169677734 9.661317264 0.019284154032612896 500.99772319081313
8191 8191 101 1.754776954650879 9.661317264 0.019283263237921747 501.02086689354593
8191 8191 101 1.7558729648590088 9.661317264 0.019295307306142952 500.7081312938806
8191 8191 101 1.7571449279785156 9.661317264 0.01930928492284083 500.34567839286933
8191 8191 101 1.7551419734954834 9.661317264 0.019287274434016302 500.9166690219675
