31 31 101 0.009567975997924805 0.000138384 0.00010514259338378906 1.3161554755918368
31 31 101 0.008711099624633789 0.000138384 9.57263695014702e-5 1.4456204776247639
31 31 101 0.008787870407104492 0.000138384 9.657000447367573e-5 1.4329915459175777
31 31 101 0.008900880813598633 0.000138384 9.781187707251245e-5 1.414797508664613
31 31 101 0.008871078491210938 0.000138384 9.748437902429602e-5 1.419550510400344
63 63 101 0.008774995803833008 0.0005715359999999999 9.642852531684624e-5 5.92704283428621
63 63 101 0.008665084838867188 0.0005715359999999999 9.522071251502403e-5 6.0022235173867475
63 63 101 0.009020090103149414 0.0005715359999999999 9.912186926537817e-5 5.765992956305446
63 63 101 0.008842945098876953 0.0005715359999999999 9.71752208667797e-5 5.881499366834833
63 63 101 0.008813858032226562 0.0005715359999999999 9.685558277172047e-5 5.90090920568881
127 127 101 0.010104894638061523 0.002322576 0.0001110427982204563 20.91604351854432
127 127 101 0.00997304916381836 0.002322576 0.00010959394685514681 21.19255731404408
127 127 101 0.010241985321044922 0.002322576 0.00011254928924225189 20.636078785010103
127 127 101 0.010267019271850586 0.002322576 0.00011282438760275369 20.585762079893737
127 127 101 0.010227203369140625 0.002322576 0.00011238685021033653 20.665905269639687
255 255 101 0.017457008361816406 0.0093636 0.00019183525672325722 48.810631371625234
255 255 101 0.017493009567260742 0.0093636 0.00019223087436550266 48.710177441092526
255 255 101 0.01811695098876953 0.0093636 0.00019908737350296188 47.03261605819866
255 255 101 0.017379045486450195 0.0093636 0.00019097852182912303 49.029597204538156
255 255 101 0.017806053161621094 0.0093636 0.00019567091386396806 47.85381646712013
511 511 101 0.0436708927154541 0.037601423999999994 0.00047989991995004506 78.35263653287147
511 511 101 0.04326200485229492 0.037601423999999994 0.0004754066467285156 79.09318108771112
511 511 101 0.0434110164642334 0.037601423999999994 0.0004770441369695978 78.82168773493666
511 511 101 0.04332900047302246 0.037601423999999994 0.0004761428623409062 78.97088662662411
511 511 101 0.04307293891906738 0.037601423999999994 0.00047332899911063056 79.44035558913951
1023 1023 101 0.1458909511566162 0.150700176 0.001603197265457321 93.99977111176766
1023 1023 101 0.16187000274658203 0.150700176 0.001778791238973429 84.72055219193211
1023 1023 101 0.1628727912902832 0.150700176 0.0017898108932998154 84.19893775602128
1023 1023 101 0.1600658893585205 0.150700176 0.001758965817126599 85.67544322503089
1023 1023 101 0.16154694557189941 0.150700176 0.0017752411601307627 84.88997404099145
2047 2047 101 0.5392720699310303 0.603390096 0.005926066702538794 101.81965986672085
2047 2047 101 0.5258200168609619 0.603390096 0.005778241943527054 104.42451214351352
2047 2047 101 0.5309181213378906 0.603390096 0.00583426506964715 103.42178300042382
2047 2047 101 0.5172629356384277 0.603390096 0.005684208083938766 106.15200694445586
2047 2047 101 0.5160632133483887 0.603390096 0.005671024322509766 106.39878471425142
4095 4095 101 2.068369150161743 2.4147396 0.022729331320458717 106.2389194805079
4095 4095 101 2.067601203918457 2.4147396 0.022720892350752274 106.27837862715147
4095 4095 101 2.055813789367676 2.4147396 0.022591360322721712 106.88774670958293
4095 4095 101 2.068748950958252 2.4147396 0.022733504955585185 106.2194151195654
4095 4095 101 2.061997890472412 2.4147396 0.022659317477718814 106.56718157439839
8191 8191 101 8.13064193725586 9.661317264 0.08934771359621824 108.13166756187623
8191 8191 101 8.131918907165527 9.661317264 0.08936174623258822 108.11468745086736
8191 8191 101 8.133563995361328 9.661317264 0.08937982412484977 108.09282026002464
8191 8191 101 8.135224103927612 9.661317264 0.0893980670761276 108.07076237758956
8191 8191 101 8.132060050964355 9.661317264 0.08936329726334456 108.11281096230232
