1 511 511 511 201 17.993113040924072 30.956416792000002 0.0942047803189742 328.60770639433184
1 511 511 511 201 17.937511205673218 30.956416792000002 0.09391367123389119 329.6263087714175
1 511 511 511 201 17.974792003631592 30.956416792000002 0.09410885865775702 328.94264401376194
1 511 511 511 201 18.006027936935425 30.956416792000002 0.09427239757557813 328.3720111942868
1 511 511 511 201 18.03609013557434 30.956416792000002 0.09442979128572954 327.82468721476687
2 1020 511 511 201 18.103479146957397 30.956416792000002 0.09478261333485548 326.60438136090147
2 1020 511 511 201 18.161071062088013 30.956416792000002 0.09508414168632467 325.568662060629
2 1020 511 511 201 18.210607051849365 30.956416792000002 0.0953434924180595 324.6830591883834
2 1020 511 511 201 18.148067951202393 30.956416792000002 0.09501606257174028 325.80193236934946
2 1020 511 511 201 18.166093111038208 30.956416792000002 0.0951104351363257 325.47865802137164
4 1020 1020 511 201 18.30606698989868 30.956416792000002 0.0958432826696266 322.9899470232806
4 1020 1020 511 201 18.335231065750122 30.956416792000002 0.095995974166231 322.47619820383784
4 1020 1020 511 201 18.383631944656372 30.956416792000002 0.09624938190919567 321.6271749277844
4 1020 1020 511 201 18.27701187133789 30.956416792000002 0.09569116163004131 323.5034068421376
4 1020 1020 511 201 18.431243181228638 30.956416792000002 0.09649865539910281 320.796353731244
8 1020 1020 1020 201 18.64891004562378 30.956416792000002 0.09763827249017686 317.0520739714485
8 1020 1020 1020 201 18.412747144699097 30.956416792000002 0.0964018175115136 321.11860119548857
8 1020 1020 1020 201 18.4371919631958 30.956416792000002 0.09652980085442828 320.6928484052693
8 1020 1020 1020 201 18.64578104019165 30.956416792000002 0.0976218902627835 317.10527944777516
8 1020 1020 1020 201 18.46785616874695 30.956416792000002 0.0966903464332301 320.1603669232593
