1 31 31 31 201 0.03140592575073242 0.006911512000000001 0.00016442893063210693 42.03343033023677
1 31 31 31 201 0.03137493133544922 0.006911512000000001 0.0001642666562065404 42.0749539779383
1 31 31 31 201 0.031925201416015625 0.006911512000000001 0.00016714765139275197 41.34974043852886
1 63 63 63 201 0.04265999794006348 0.058010904 0.00022335077455530616 259.73003279482845
1 63 63 63 201 0.04233598709106445 0.058010904 0.0002216543826757301 261.7178298020266
1 63 63 63 201 0.04246020317077637 0.058010904 0.00022230472864280822 260.95218196284964
1 127 127 127 201 0.17944788932800293 0.47522485600000003 0.0009395177451727902 505.81786075003794
1 127 127 127 201 0.17947101593017578 0.47522485600000003 0.000939638826859559 505.752681153339
1 127 127 127 201 0.1765890121459961 0.47522485600000003 0.0009245498018114978 514.0067685579272
1 255 255 255 201 0.9738359451293945 3.846879 0.005098617513766463 754.4945251557464
1 255 255 255 201 0.9520158767700195 3.846879 0.004984376318167641 771.7874322567585
1 255 255 255 201 0.9818699359893799 3.846879 0.005140680293138114 748.3209965682738
1 511 511 511 201 8.081186056137085 30.956416792000002 0.042309874639461176 731.6593834368837
1 511 511 511 201 8.085144996643066 30.956416792000002 0.042330602076665266 731.3011219621825
1 511 511 511 201 8.075512886047363 30.956416792000002 0.04228017217825845 732.1733852332462
