31 31 101 0.0063741207122802734 0.000138384 7.004528255253048e-5 1.9756362592472787
31 31 101 0.006460905075073242 0.000138384 7.099895686893673e-5 1.9490990586728658
63 63 101 0.006414890289306641 0.0005715359999999999 7.049329988249056e-5 8.107664146134837
63 63 101 0.0065460205078125 0.0005715359999999999 7.193429129464286e-5 7.945251002181816
127 127 101 0.006763935089111328 0.002322576 7.43289570232014e-5 31.247256695328304
127 127 101 0.006776094436645508 0.002322576 7.446257622687372e-5 31.191185125310998
255 255 101 0.008607864379882812 0.0093636 9.459191626244848e-5 98.98943133808996
255 255 101 0.008694887161254883 0.0093636 9.554821056324047e-5 97.99869557789904
511 511 101 0.01739501953125 0.037601423999999994 0.00019115406078296703 196.70742983949472
511 511 101 0.01742386817932129 0.037601423999999994 0.00019147107889364053 196.38174191772873
1023 1023 101 0.04983997344970703 0.150700176 0.0005476920159308465 275.1549623082837
1023 1023 101 0.04994392395019531 0.150700176 0.0005488343291230254 274.58227010107345
2047 2047 101 0.18388986587524414 0.603390096 0.002020767756870815 298.59447922623104
2047 2047 101 0.18398094177246094 0.603390096 0.002021768590906164 298.446666306928
4095 4095 101 0.7173888683319092 2.4147396 0.007883394157493508 306.30709967795855
4095 4095 101 0.7177231311798096 2.4147396 0.007887067375602304 306.16444427363547
8191 8191 101 2.792773962020874 9.661317264 0.03068982375847114 314.8052377242225
8191 8191 101 2.792419910430908 9.661317264 0.03068593308165833 314.8451519557926
