127 127 1 0.6 7747 5 5.810437011692422e-7
127 127 1 0.5 8890 5 6.690701429439299e-7
127 127 1 0.4 10668 5 9.660892025202093e-7
127 127 1 0.3 14224 5 4.83414048051695e-7
127 127 1 0.2 20574 5 7.356075701915861e-7
127 127 1 0.1 39243 5 5.931611081453011e-7
255 127 2 0.6 24225 5 7.525784032748784e-7
255 127 2 0.5 20145 5 8.837592258677685e-7
255 127 2 0.4 16830 5 6.653892802484143e-7
255 127 2 0.3 17595 5 9.97126568649744e-7
255 127 2 0.2 27795 5 3.109979817956845e-7
255 127 2 0.1 52020 5 9.678335959842161e-7
511 127 4 0.6 79205 5 9.286647929562713e-7
511 127 4 0.5 64897 5 9.384957748370229e-7
511 127 4 0.4 52122 5 9.304819560945235e-7
511 127 4 0.3 39347 5 5.894892345199578e-7
511 127 4 0.2 28105 5 9.45420652110166e-7
511 127 4 0.1 52633 5 2.9110225854316013e-7
1023 127 8 0.6 71610 5 5.516853997779365e-7
1023 127 8 0.5 57288 5 9.88164142720484e-7
1023 127 8 0.4 51150 5 5.728016994878197e-7
1023 127 8 0.3 49104 5 2.6270541005704357e-7
1023 127 8 0.2 68541 5 5.86363972706685e-8
1023 127 8 0.1 139128 5 7.685919230468523e-7
255 255 1 0.6 15300 5 4.936447856025642e-7
255 255 1 0.5 17595 5 6.133327342363607e-7
255 255 1 0.4 22440 5 7.635308715871784e-7
255 255 1 0.3 28305 5 4.662756467175016e-7
255 255 1 0.2 41310 5 7.637852272206864e-7
255 255 1 0.1 78030 5 8.243779230052118e-7
511 255 2 0.6 28105 5 9.566665405154029e-7
511 255 2 0.5 24528 5 5.868071476703658e-7
511 255 2 0.4 26061 5 5.769205741627131e-7
511 255 2 0.3 31171 5 7.719007292828865e-7
511 255 2 0.2 45990 5 6.958651219444252e-7
511 255 2 0.1 91469 5 5.937653206533137e-7
1023 255 4 0.6 242451 5 9.327412158694644e-7
1023 255 4 0.5 202554 5 9.275514061140826e-7
1023 255 4 0.4 160611 5 9.254853185540378e-7
1023 255 4 0.3 119691 5 9.094416913519604e-7
1023 255 4 0.2 84909 5 7.902401527930736e-7
1023 255 4 0.1 101277 5 4.2420961946284025e-7
2047 255 8 0.6 204700 5 9.049949422592606e-7
2047 255 8 0.5 184230 5 8.078278893769553e-7
2047 255 8 0.4 161713 5 9.908782894745435e-7
2047 255 8 0.3 137149 5 7.769415691154724e-7
2047 255 8 0.2 98256 5 7.167327040519742e-7
2047 255 8 0.1 167854 5 5.933066442117446e-7
511 511 1 0.6 30149 5 9.825989301822902e-7
511 511 1 0.5 35259 5 5.315279912700201e-7
511 511 1 0.4 43946 5 6.461611128592814e-7
511 511 1 0.3 56721 5 4.654477839585659e-7
511 511 1 0.2 82782 5 7.615527491400387e-7
511 511 1 0.1 155344 5 5.833147538617798e-7
1023 511 2 0.6 59334 5 7.73107909003622e-7
1023 511 2 0.5 50127 5 6.663725924951892e-7
1023 511 2 0.4 46035 5 5.993662061032392e-7
1023 511 2 0.3 61380 5 6.839889752979761e-7
1023 511 2 0.2 90024 5 6.354620164546036e-7
1023 511 2 0.1 172887 5 4.073608559466756e-7
2047 511 4 0.6 298862 5 9.85076705082809e-7
2047 511 4 0.5 249734 5 9.410596173482327e-7
2047 511 4 0.4 202653 5 9.430731654549624e-7
2047 511 4 0.3 155572 5 8.505438204835805e-7
2047 511 4 0.2 128961 5 6.450922252281872e-7
2047 511 4 0.1 198559 5 2.971606873429217e-7
4095 511 8 0.6 233415 5 9.278774998514253e-7
4095 511 8 0.5 192465 5 9.796201601525925e-7
4095 511 8 0.4 163800 5 8.765207853084336e-7
4095 511 8 0.3 159705 5 7.408289813407761e-7
4095 511 8 0.2 159705 5 5.325120649022499e-7
4095 511 8 0.1 221130 5 2.773797450981498e-7
1023 1023 1 0.6 60357 5 9.158270106666292e-7
1023 1023 1 0.5 70587 5 4.927867145848536e-7
1023 1023 1 0.4 87978 5 5.938143045146796e-7
1023 1023 1 0.3 111507 5 4.6080738203512136e-7
1023 1023 1 0.2 165726 5 7.55085209557807e-7
1023 1023 1 0.1 310992 5 5.771850734330881e-7
2047 1023 2 0.6 94162 5 7.378644181315238e-7
2047 1023 2 0.5 85974 5 3.525552763417923e-7
2047 1023 2 0.4 92115 5 5.384007080824774e-7
2047 1023 2 0.3 122820 5 6.350885506310499e-7
2047 1023 2 0.2 178089 5 5.861690536689725e-7
2047 1023 2 0.1 345943 5 3.076026961406958e-7
4095 1023 4 0.6 1027845 5 9.753456303235292e-7
4095 1023 4 0.5 859950 5 9.547029687145927e-7
4095 1023 4 0.4 687960 5 9.944238863192944e-7
4095 1023 4 0.3 515970 5 9.687230258231868e-7
4095 1023 4 0.2 352170 5 9.211997900556518e-7
4095 1023 4 0.1 380835 5 3.004563754238144e-7
8191 1023 8 0.6 696235 5 9.33381055558157e-7
8191 1023 8 0.5 597943 5 9.227497550958628e-7
8191 1023 8 0.4 565179 5 8.787963445641398e-7
8191 1023 8 0.3 524224 5 9.992063047854377e-7
8191 1023 8 0.2 442314 5 9.255563467140268e-7
8191 1023 8 0.1 573370 5 7.325327415445809e-7
2047 2047 1 0.6 120773 5 8.848022272453102e-7
2047 2047 1 0.5 139196 5 4.734848344181913e-7
2047 2047 1 0.4 176042 5 5.688845836865335e-7
2047 2047 1 0.3 223123 5 4.5678974136979957e-7
2047 2047 1 0.2 331614 5 7.499449977674834e-7
2047 2047 1 0.1 622288 5 5.728334991195086e-7
4095 2047 2 0.6 135135 5 2.403407029461205e-7
4095 2047 2 0.5 155610 5 9.370393808041531e-7
4095 2047 2 0.4 184275 5 5.219763587442667e-7
4095 2047 2 0.3 237510 5 6.201819316490409e-7
4095 2047 2 0.2 356265 5 5.758648981041689e-7
4095 2047 2 0.1 692055 5 2.6508430058487347e-7
8191 2047 4 0.6 917392 5 9.763406536071941e-7
8191 2047 4 0.5 761763 5 9.807629362085003e-7
8191 2047 4 0.4 614325 5 9.697127941270696e-7
8191 2047 4 0.3 483269 5 7.714389261741339e-7
8191 2047 4 0.2 458696 5 5.489689719037788e-7
8191 2047 4 0.1 761763 5 2.9880142093997593e-7
16383 2047 8 0.6 786384 5 9.164044218107381e-7
16383 2047 8 0.5 655320 5 9.630995134486998e-7
16383 2047 8 0.4 557022 5 7.997760328955989e-7
16383 2047 8 0.3 540639 5 6.929784137665239e-7
16383 2047 8 0.2 606171 5 4.969339854074335e-7
16383 2047 8 0.1 884682 5 1.2192983240272868e-7
